0 | 1455714432895
1 | 1455714492898
3 | 1455714552898
2 | 1455714612901
1 | 1455714672902
0 | 1455714732902
0 | 1455714792904
0 | 1455714852904
0 | 1455714912904
0 | 1455714972905
1 | 1455715032905
2 | 1455715092907
2 | 1455715152907
2 | 1455715212908
2 | 1455715272908
2 | 1455715332910
2 | 1455715392911
2 | 1455715452912
2 | 1455715512914
2 | 1455715572916
2 | 1455715632919
2 | 1455715692920
2 | 1455715752920
2 | 1455715812921
2 | 1455715872922
2 | 1455715932923
1 | 1455715992924
0 | 1455716052924
0 | 1455716112926
0 | 1455716172926
0 | 1455716232927
0 | 1455716292928
0 | 1455716352930
