0 | 1455706769710
0 | 1455706829715
0 | 1455706889717
0 | 1455706949720
0 | 1455707009720
0 | 1455707069721
0 | 1455707129722
0 | 1455707189723
0 | 1455707249725
0 | 1455707309726
0 | 1455707369727
0 | 1455707429727
0 | 1455707489729
0 | 1455707549729
0 | 1455707609731
0 | 1455707669732
0 | 1455707729734
0 | 1455707789734
0 | 1455707849734
1 | 1455707909734
3 | 1455707969734
5 | 1455708029736
5 | 1455708089739
6 | 1455708149741
6 | 1455708209742
7 | 1455708269744
7 | 1455708329744
7 | 1455708389746
7 | 1455708449749
7 | 1455708509749
7 | 1455708569751
7 | 1455708629751
7 | 1455708689752
6 | 1455708749755
4 | 1455708809758
2 | 1455708869759
